1.897999999999999965e-01
2.874999999999999778e-01
3.489999999999999769e-01
3.675999999999999823e-01
4.203999999999999959e-01
4.314000000000000057e-01
4.454000000000000181e-01
4.662999999999999923e-01
4.773000000000000020e-01
4.884000000000000008e-01
4.872000000000000219e-01
5.083999999999999631e-01
5.030999999999999917e-01
4.986999999999999766e-01
4.956999999999999740e-01
5.182999999999999829e-01
5.155999999999999472e-01
5.393999999999999906e-01
5.204999999999999627e-01
5.393999999999999906e-01
5.312999999999999945e-01
5.534000000000000030e-01
5.329000000000000403e-01
5.517999999999999572e-01
5.361000000000000210e-01
5.581000000000000405e-01
5.419000000000000483e-01
5.473000000000000087e-01
5.466999999999999638e-01
5.393000000000000016e-01
5.481000000000000316e-01
5.242999999999999883e-01
5.412000000000000144e-01
5.349000000000000421e-01
5.551000000000000378e-01
5.370000000000000329e-01
5.513000000000000123e-01
5.382000000000000117e-01
5.314999999999999725e-01
5.263999999999999790e-01
5.424999999999999822e-01
5.295999999999999597e-01
5.586999999999999744e-01
5.594000000000000083e-01
5.543000000000000149e-01
5.693000000000000282e-01
5.481000000000000316e-01
5.608999999999999542e-01
5.475999999999999757e-01
5.661000000000000476e-01
