2.923999999999999932e-01
3.300000000000000155e-01
3.625999999999999779e-01
4.048999999999999821e-01
4.192000000000000171e-01
4.324000000000000066e-01
4.680000000000000271e-01
4.685000000000000275e-01
4.759999999999999787e-01
4.848999999999999977e-01
4.744999999999999774e-01
4.899000000000000021e-01
4.758999999999999897e-01
5.269000000000000350e-01
5.042999999999999705e-01
5.315999999999999615e-01
5.046000000000000485e-01
5.493000000000000105e-01
5.455999999999999739e-01
5.426999999999999602e-01
5.389000000000000457e-01
5.527999999999999581e-01
5.363999999999999879e-01
5.654000000000000137e-01
5.581000000000000405e-01
5.492000000000000215e-01
5.577999999999999625e-01
5.584999999999999964e-01
5.641000000000000458e-01
5.754000000000000226e-01
5.778999999999999693e-01
5.673000000000000265e-01
5.776999999999999913e-01
5.553000000000000158e-01
5.782000000000000473e-01
5.886000000000000121e-01
5.857999999999999874e-01
5.885000000000000231e-01
5.753000000000000336e-01
5.916000000000000147e-01
5.901999999999999469e-01
5.916000000000000147e-01
5.865000000000000213e-01
5.729999999999999538e-01
5.926000000000000156e-01
5.916000000000000147e-01
5.993000000000000549e-01
6.027000000000000135e-01
5.930999999999999606e-01
5.947999999999999954e-01
