3.304000000000000270e-01
3.776999999999999802e-01
4.033999999999999808e-01
4.203000000000000069e-01
4.597999999999999865e-01
4.522999999999999798e-01
4.828000000000000069e-01
4.887000000000000233e-01
4.707000000000000073e-01
4.995999999999999885e-01
5.083999999999999631e-01
5.101999999999999869e-01
5.211000000000000076e-01
5.121999999999999886e-01
5.113999999999999657e-01
5.340000000000000302e-01
5.207000000000000517e-01
5.270000000000000240e-01
5.182999999999999829e-01
5.407999999999999474e-01
5.162999999999999812e-01
5.385999999999999677e-01
5.441000000000000281e-01
5.484999999999999876e-01
5.459000000000000519e-01
5.364999999999999769e-01
5.459000000000000519e-01
5.451000000000000290e-01
5.464999999999999858e-01
5.623000000000000220e-01
5.587999999999999634e-01
5.373999999999999888e-01
5.501000000000000334e-01
5.637999999999999678e-01
5.604999999999999982e-01
5.531000000000000361e-01
5.534999999999999920e-01
5.585999999999999854e-01
5.466999999999999638e-01
5.566999999999999726e-01
5.610000000000000542e-01
5.649999999999999467e-01
5.638999999999999568e-01
5.440000000000000391e-01
5.368000000000000549e-01
5.665000000000000036e-01
5.592000000000000304e-01
5.671000000000000485e-01
5.678999999999999604e-01
5.732000000000000428e-01
