2.985999999999999766e-01
3.812999999999999723e-01
3.821999999999999842e-01
4.163000000000000034e-01
4.563999999999999724e-01
4.532999999999999807e-01
4.714999999999999747e-01
4.648999999999999799e-01
4.844999999999999862e-01
5.020999999999999908e-01
4.763999999999999901e-01
5.006000000000000449e-01
5.093999999999999639e-01
5.157000000000000473e-01
5.219000000000000306e-01
5.092999999999999750e-01
5.298000000000000487e-01
5.414999999999999813e-01
5.349000000000000421e-01
5.369000000000000439e-01
5.502000000000000224e-01
5.511000000000000343e-01
5.530000000000000471e-01
5.319000000000000394e-01
5.676999999999999824e-01
5.536999999999999700e-01
5.439000000000000501e-01
5.528999999999999471e-01
5.750999999999999446e-01
5.681000000000000494e-01
5.754000000000000226e-01
5.465999999999999748e-01
5.782000000000000473e-01
5.725000000000000089e-01
5.828999999999999737e-01
5.727999999999999758e-01
5.780999999999999472e-01
5.803000000000000380e-01
5.844000000000000306e-01
5.877000000000000002e-01
5.694000000000000172e-01
5.827999999999999847e-01
5.909999999999999698e-01
5.896000000000000130e-01
5.927999999999999936e-01
5.870999999999999552e-01
5.887000000000000011e-01
5.907999999999999918e-01
5.874000000000000332e-01
5.879999999999999671e-01
