9.620999999999999552e-01
9.755000000000000338e-01
9.768000000000000016e-01
9.820999999999999730e-01
9.801999999999999602e-01
9.737999999999999989e-01
9.761999999999999567e-01
9.837000000000000188e-01
9.837000000000000188e-01
9.866000000000000325e-01
9.841999999999999638e-01
9.862999999999999545e-01
9.851999999999999647e-01
9.816000000000000281e-01
9.824000000000000510e-01
9.848999999999999977e-01
9.868999999999999995e-01
9.795000000000000373e-01
9.872999999999999554e-01
9.857000000000000206e-01
9.846000000000000307e-01
9.741999999999999549e-01
9.877000000000000224e-01
9.869999999999999885e-01
9.879999999999999893e-01
9.859999999999999876e-01
9.879000000000000004e-01
9.822999999999999510e-01
9.896000000000000352e-01
9.864000000000000545e-01
9.877000000000000224e-01
9.880999999999999783e-01
9.899000000000000021e-01
9.828000000000000069e-01
9.870999999999999774e-01
9.887000000000000233e-01
9.868000000000000105e-01
9.882999999999999563e-01
9.875000000000000444e-01
9.864000000000000545e-01
9.881999999999999673e-01
9.877000000000000224e-01
9.862999999999999545e-01
9.882999999999999563e-01
9.896000000000000352e-01
9.893999999999999462e-01
9.897000000000000242e-01
9.858999999999999986e-01
9.871999999999999664e-01
9.881999999999999673e-01
