9.452000000000000401e-01
9.685000000000000275e-01
9.725000000000000311e-01
9.734000000000000430e-01
9.778000000000000025e-01
9.738999999999999879e-01
9.798999999999999932e-01
9.798999999999999932e-01
9.749999999999999778e-01
9.798999999999999932e-01
9.804000000000000492e-01
9.830999999999999739e-01
9.797000000000000153e-01
9.808999999999999941e-01
9.806000000000000272e-01
9.810999999999999721e-01
9.828999999999999959e-01
9.840999999999999748e-01
9.832999999999999519e-01
9.836000000000000298e-01
9.861999999999999655e-01
9.839999999999999858e-01
9.834000000000000519e-01
9.769999999999999796e-01
9.838999999999999968e-01
9.844000000000000528e-01
9.880999999999999783e-01
9.877000000000000224e-01
9.879000000000000004e-01
9.862999999999999545e-01
9.844000000000000528e-01
9.865000000000000435e-01
9.852999999999999536e-01
9.870999999999999774e-01
9.854000000000000536e-01
9.846000000000000307e-01
9.862999999999999545e-01
9.858999999999999986e-01
9.860999999999999766e-01
9.841999999999999638e-01
9.888000000000000123e-01
9.878000000000000114e-01
9.862999999999999545e-01
9.878000000000000114e-01
9.887000000000000233e-01
9.842999999999999527e-01
9.864000000000000545e-01
9.879999999999999893e-01
9.871999999999999664e-01
9.858000000000000096e-01
